     u      w
-2.9584 0.8584
2.4031 9.4673
3.4841 6.1431
-2.5586 3.5816
-9.8309 -21.3623
-14.5473 -3.5333
-13.0793 -12.3995
-9.4372 -5.2362
7.9547 0.2360
2.2909 16.1349
11.1414 -4.8390
-3.7162 -4.8777
3.8948 6.5111
8.1162 7.5213
10.6724 -3.1571
-1.3524 -0.8082
15.1383 4.1072
13.1334 11.2774
-2.6179 -9.1683
-9.2433 -21.3228
8.9298 7.2662
9.3004 2.8703
27.4202 10.3762
20.7795 10.2299
20.4620 9.0178
28.3034 4.7783
14.7063 14.4144
14.7122 16.5619
14.2967 6.2650
5.5838 -2.5523
16.7373 14.8546
-2.7998 -4.1058
8.9104 14.6864
25.3230 10.5875
8.7725 -2.1526
-2.3523 7.8141
12.9791 15.2260
2.3883 2.7304
0.9173 20.2488
8.1537 -4.1670
-6.5882 -1.5434
17.5740 21.9936
9.3605 7.2980
9.1002 7.5735
-18.1412 -21.3472
2.1068 0.0540
-5.6132 6.4277
-2.3726 11.7002
-3.7660 -23.3831
-0.6275 5.7211
9.6841 -12.5305
7.0321 5.8226
7.1561 -6.9087
14.4176 -1.6740
10.8856 13.2261
2.0631 18.7068
12.7906 20.2215
-1.9814 -6.3976
-9.4850 -12.9538
-15.2054 -2.5414
-12.3787 -11.1602
-3.8191 -3.2830
1.0852 -2.6968
6.7053 -0.0045
0.5168 1.0254
-9.5643 -4.9287
6.6510 17.2992
-0.2447 -4.0706
-0.7024 -7.9752
-11.9305 -21.2925
4.0026 -10.5062
6.2364 14.1769
-0.0777 -8.3487
-3.0772 11.2616
9.5718 9.7821
-17.6188 -30.2899
-24.1091 -20.2892
-23.5343 -12.8706
-7.6448 -19.3882
-18.6883 4.3657
-15.6606 -2.1029
-10.2552 -19.3180
-14.0941 -0.3813
-9.1896 14.6049
-6.7683 -11.7652
-13.2041 -11.8967
-11.1959 -8.8497
-11.1486 -20.2649
-19.8271 -15.8000
-15.1070 -12.9738
4.0356 -5.9278
-8.1791 14.9698
-6.3521 -3.9691
-9.0225 14.6956
11.8950 2.1249
-0.0152 -0.4721
-4.0489 -4.5379
-0.2859 -3.7048
8.1764 -6.0278
-3.5010 0.5950
-11.6530 -6.3981
-1.6395 14.8151
6.4810 2.9104
16.1716 20.6051
11.3294 8.9211
0.5886 9.1520
15.8791 7.1570
-2.7427 2.0461
-18.4784 -17.0787
-22.5494 -3.3251
-7.9631 -5.3229
9.5213 11.1631
-5.3447 -6.7931
8.6639 15.4572
9.4072 24.4237
-1.4966 12.8608
-9.8782 -6.4754
-3.2577 -16.0320
-8.4249 -33.9780
-17.6468 -11.9618
-10.1782 -11.8131
-14.4747 -10.8696
-16.9325 -18.3385
-6.8281 -20.7240
-21.1176 -7.2499
-0.9654 22.6997
6.5698 10.4458
-4.5651 4.9977
-9.6119 7.9629
3.5416 -6.2591
2.1726 0.1554
17.0082 24.8498
13.8735 -3.7282
-1.3334 -8.0019
0.2085 -12.4829
7.8027 -5.3761
-16.7703 -5.0085
-9.1656 16.6044
2.0604 1.4618
-5.0782 -4.4941
-2.9510 8.0467
12.1571 -1.1151
-17.0955 -3.9657
-12.0886 0.3900
4.9310 -10.7494
-1.2616 -1.6193
2.2820 -0.1778
-0.3899 -5.2388
3.9940 0.7788
-1.7938 0.6827
-4.5197 -1.6730
-2.1319 -8.1776
-5.1970 -19.3434
-14.3999 -6.1147
-13.5615 -0.3734
10.8395 6.3131
12.0805 -1.9465
9.1792 7.0670
9.7106 12.7420
-2.6734 -4.2483
-10.4673 0.5804
-11.4145 -0.4559
0.5001 -15.8322
-10.6744 -2.8307
-5.0330 0.3503
-4.5227 -0.4206
-1.9480 -1.0285
-5.3445 12.6444
22.8824 24.7832
11.1970 9.9355
-10.7385 -16.5340
-2.5444 0.2339
-2.7451 -7.3035
-0.1337 4.6138
8.8729 -5.1341
-16.0602 -27.6423
-14.0370 8.7610
3.6067 12.9125
6.3686 -4.2644
-0.1500 9.9956
-2.8340 -0.4893
6.7311 20.8194
-2.8297 13.9233
7.7151 7.2668
19.3010 17.3468
2.7743 12.6865
22.8756 4.6976
19.2838 10.2007
0.2891 6.0791
-3.9104 -7.0565
-3.7760 -2.2978
16.0489 5.0607
-0.9130 0.1172
-9.1849 -5.6686
6.4608 12.7007
10.1196 3.8226
9.8399 14.9903
11.4830 1.2389
7.1586 5.2909
1.8539 -4.2742
-20.5895 -8.8413
-14.4304 -0.1160
-2.2721 7.8196
14.1438 18.3523
3.7607 1.9604
-10.2120 -9.4966
-17.4970 2.5249
-3.3073 11.9773
5.9088 3.4002
3.4848 -8.8529
-15.9481 -10.7417
1.9126 1.3629
-1.9058 6.7967
13.5204 3.5200
5.8377 1.9434
-16.9942 -6.5558
-0.3852 8.3534
4.5890 4.5704
-5.6501 -5.3302
12.3966 4.2819
-7.9838 3.1168
1.4271 -2.5671
-16.7749 -8.6290
0.6360 -5.7399
13.0771 10.0223
3.5570 -4.9238
2.8312 -5.3610
3.1611 -4.8013
-11.7884 -14.3479
1.9303 -7.3544
-12.6572 -12.6355
-1.8886 16.1743
10.6361 19.5199
0.8057 17.1375
10.2820 3.1895
3.4278 15.1869
15.4624 -3.1446
-1.9249 8.8965
0.1168 -11.6671
-2.8227 5.0345
-0.7216 -3.8638
-13.7203 -4.5139
2.9500 -8.3670
-0.2053 -10.9290
-5.7633 -19.8433
-15.7572 -3.1966
-12.7133 5.4682
8.8581 13.4370
6.8897 18.0134
20.6240 10.8968
-3.4506 1.7012
1.0409 8.6416
4.2276 6.5963
6.6178 6.2019
2.5555 -4.6885
15.8901 0.5162
0.4051 9.4112
0.5982 2.4188
-5.6344 -13.6642
-17.1090 -11.9453
-24.0318 -3.9216
-19.7032 -11.5421
-9.3841 6.5016
-5.7935 -9.1408
-22.5609 11.4949
12.4396 -0.0400
-4.9105 -11.4751
-22.4684 0.0150
-20.4022 -5.7405
-3.1364 -17.9701
-21.2598 -4.5384
1.4354 0.8022
13.1758 -15.1123
-6.7277 -2.9746
-5.3820 -4.7091
-1.9358 11.4609
24.4500 19.4645
6.6677 15.0363
8.9375 24.7152
18.9861 16.9790
9.1144 15.1512
10.7350 0.2036
-5.3031 -8.5713
-15.4202 -10.5816
-4.5946 12.7307
14.6396 9.7860
2.7292 12.0911
-3.2060 -0.4781
1.4470 -2.8507
-14.6987 -9.5089
-13.0582 1.8239
5.2903 -0.4743
7.0212 -0.0683
-6.4506 -16.0416
-6.6458 -11.3942
-5.4132 -13.1408
-23.5851 -21.1649
-10.9895 -10.7266
-10.1545 7.6231
15.0923 2.0650
0.0506 4.4606
5.6403 9.3712
5.1725 2.3544
-1.2074 1.3209
-4.6678 3.5073
0.5688 -0.0975
0.9983 -2.7920
4.6027 4.1514
-0.1222 -1.2010
1.5573 0.9983
-0.4637 0.4597
-7.4947 -3.2331
-4.0782 -1.8481
4.3585 1.0276
0.6628 -3.8604
1.0961 1.4195
-2.4707 6.7863
3.3975 6.3731
-2.9430 0.7714
-1.2331 -5.5874
1.1964 -1.1718
10.0651 -3.6792
5.0519 0.0727
-0.3922 -4.4093
0.9700 -0.8934
0.3835 -0.9460
6.6679 0.5220
-1.3007 -2.1482
-4.9660 -0.1417
2.5774 -1.2179
1.6682 -0.4249
-3.7966 0.0892
1.1551 6.5112
2.5616 0.1607
2.2945 0.0906
-1.5554 5.6371
1.7146 -6.8502
1.9874 3.1332
-1.1410 -2.7712
-0.0147 0.7251
1.5499 -1.2994
1.4576 -2.0426
1.7765 -2.5895
0.8199 -3.5733
-1.9618 3.2681
-0.6456 -3.3478
-0.1649 0.3972
-0.6315 -0.9005
1.6785 2.9943
-2.9758 0.8209
-2.2047 -4.1716
-0.3881 -0.9271
-5.1429 -3.3548
-1.3177 -1.7574
-2.6029 2.6241
4.7976 0.6645
-7.6694 0.2935
2.9663 -4.2855
-2.0101 1.7289
0.3021 0.2024
-2.1939 2.1022
1.2575 -2.5617
-0.6592 -1.8305
1.4539 -1.2181
1.1033 4.1158
-2.4653 -1.7256
1.0067 6.4907
4.1410 -2.6605
7.8508 5.0023
0.7267 1.0299
-1.4904 1.8669
-2.6377 -1.8617
0.5267 1.5300
-2.9990 0.7452
1.5078 2.2002
-3.6100 -5.0342
2.0102 4.9793
2.3679 2.9737
0.6131 -3.7202
1.1569 -4.1924
-3.3322 -5.1188
-2.9131 -5.1952
-1.5988 -6.4875
1.9341 -0.6286
2.1017 7.1263
1.8855 0.8091
1.0509 0.6401
1.3150 -3.7057
-0.6298 4.7080
-2.3349 -2.3286
-1.8758 -1.8273
2.2659 -1.8444
-2.4823 -2.4597
-4.0365 -5.2063
0.3062 -0.6505
-1.6386 -4.5439
4.6444 1.3789
-3.6651 2.3749
0.7661 -0.0839
-2.9790 -3.9308
-1.6587 4.9426
-1.3462 -0.9025
-0.1265 -3.8790
4.6885 4.5307
3.1009 -0.7667
3.8562 4.0232
4.2657 1.7755
-0.3705 -1.1937
-2.4606 0.9418
-2.5669 -1.5887
0.2504 0.1177
2.2349 -1.6470
0.1682 -3.2433
0.3493 1.6510
2.0253 2.3345
4.3339 -0.8049
-0.5996 0.5790
1.7476 -0.1032
6.1158 1.7973
6.3068 2.7951
3.8755 4.3329
6.2656 -2.3193
0.9990 6.5319
-2.8800 -2.3557
-1.5005 -3.7177
-1.7622 -5.1668
-1.1859 2.5201
-4.1093 -2.9193
0.8526 -1.5524
-3.2809 10.9180
4.0386 -0.0009
-2.8539 -2.1866
0.7634 -0.8716
-4.4579 -2.1541
-3.9309 -1.4910
-4.2141 -3.7421
-0.3505 -2.7504
-1.8156 -0.8562
-3.1524 -2.4833
-7.9884 -2.4699
-0.4872 -6.8541
2.9448 -3.5487
4.8339 -5.1072
-4.7868 -3.6131
-2.5425 -9.9968
-2.3297 -0.2023
3.5162 -0.6513
0.2534 -1.9789
4.2921 4.2135
2.8718 -2.2748
1.6177 -7.4420
-0.8084 4.4694
0.3409 5.0171
-3.0374 -1.3126
3.2650 -0.1601
0.1377 0.5875
4.1181 -5.6753
-1.1679 -4.2053
-0.3011 7.2779
1.2590 -3.3552
-5.6313 -2.8148
-0.8891 2.1333
-3.2137 -5.3921
5.8891 11.1105
5.6045 -5.1515
1.1623 -3.4802
3.7800 -2.9891
-6.7370 -1.8520
-6.5448 -1.1576
3.2812 -3.7688
-6.5078 5.7418
-1.1522 -1.4900
2.2626 -1.0074
2.3970 -5.7532
3.7063 -0.3494
3.6022 4.4920
-0.0687 3.6496
7.8300 2.5190
1.4043 0.8017
-3.1404 -3.8143
-1.5967 -0.8766
-1.4042 -0.2479
1.3061 -0.9369
-1.1860 0.8925
1.9763 2.7817
7.1448 -1.2744
1.7635 0.2309
1.4515 -0.1380
1.8937 2.8275
-0.1882 -4.8605
5.0377 9.8922
3.5037 0.2142
3.5222 0.9178
2.8711 3.8395
2.0487 6.3477
-2.0816 3.7680
-6.5742 5.9680
4.4466 3.1648
3.7962 -1.5203
-1.3700 3.6951
-7.7991 -0.6361
-0.1411 -5.6071
-4.6009 1.7446
0.2684 -1.4575
0.6140 -2.5119
-1.7003 1.5240
-4.9770 -3.4391
-0.6495 1.6588
4.8354 -1.2748
6.1809 0.8427
3.6348 -1.6740
-0.7154 -4.3015
-1.6320 6.2898
1.9945 0.4824
-8.5143 -0.1205
-4.1123 0.4146
1.8036 3.8345
-4.8002 -0.4079
-1.8558 1.5915
-1.9889 1.9593
1.9101 3.1784
1.5628 -3.7255
-0.8698 -2.6668
-1.0558 -4.2695
1.0007 -2.6964
1.3392 0.4098
-3.2131 5.5456
-2.5891 0.4158
-5.7215 1.4728
-1.2427 -3.0836
0.3393 4.0987
5.2466 -4.5747
-2.5226 -2.9554
-4.7231 -0.9414
0.4227 -2.8380
0.9404 -4.0185
2.1713 -2.6800
-4.5051 1.7948
0.1279 1.7526
-5.2207 1.1037
-0.5714 0.0142
-2.1269 -1.8340
-2.7891 4.7609
-4.7813 -6.5489
-2.6409 4.2193
-3.5869 -1.0631
1.4199 -0.6090
5.6209 3.9267
1.5764 -1.2878
3.1180 -3.2907
-7.4257 -0.3673
-3.4038 -1.1453
5.7208 0.0574
0.1144 -3.9459
-0.0261 -1.1652
5.4383 -0.5117
-4.6113 -4.2051
1.8096 -2.8479
-0.5375 0.6006
0.3446 1.7126
7.0535 1.1916
3.6730 -1.0200
0.0786 -2.4767
-5.3104 -2.4764
-1.2231 -4.3225
0.2622 -2.8271
-1.1729 -0.1010
2.1985 2.8337
-0.6554 -3.2248
-7.8694 -1.2596
5.4148 4.3242
0.3975 -1.4893
5.2363 -2.3908
3.2112 -0.3068
1.8442 -0.2674
-1.5465 2.7014
-6.2447 4.1184
-2.3386 4.3987
0.0836 -3.0305
1.3504 0.0796
-0.4421 3.1597
1.8241 2.0992
-1.0731 5.7481
1.1077 9.5000
-0.9990 4.7999
7.8756 3.6792
-2.7333 -5.3081
-4.4284 4.0521
2.4768 6.7593
-0.8891 -5.0417
-6.6769 1.2595
6.7658 -3.6672
-4.7251 0.0382
1.6840 -1.0833
3.3216 3.5824
-3.0271 1.8741
5.2294 1.3900
-1.7772 0.3857
3.7955 1.8011
2.0018 -2.0091
